1.012909027516842
0.9563511844277381
0.9313249907493591
0.9171338095068932
0.9155413427948952
0.9030116254687309
0.877965477347374
0.8860895690321923
0.8247322364449501
0.7697358813583851
0.784973036378622
0.8032560606896877
0.7643039482235908
0.786634493470192
0.7818683245182038
0.8080431492030621
0.7243915689438581
0.6207192267328501
0.6269757966846228
0.6136843054369092
0.6219920404031872
0.6332448588460684
0.6265274933278561
0.654579351991415
0.6529308413863182
0.46297290137782693
0.44472429681569337
0.47744652428478
0.4980285902917385
0.49869771740585567
0.4839307366535068
0.5034541348144412
0.47595823806896803
0.4131389653799124
0.34064027801528574
0.36148163896240293
0.3485603426992893
0.3701508277989924
0.3834482477810234
0.3707052630903199
0.38865155033394694
0.34637003514543174
0.2894760579951107
0.27579960647411644
0.2942123639807105
0.301532269068528
0.2977369189420715
0.3145489967735484
0.29035761856660247
0.28175473540555684
0.22737172405049205
0.21816354393173243
0.2359629451641813
0.23492335685901344
0.22874667907040566
0.2373569042570889
